rot:
  max: 9.005620914074873
  mean: 6.694680928112197
  median: 6.568551921174834
  min: 5.13813837533988
  num_samples: 1105
  rmse: 6.757425353274265
  std: 0.9187190407543883
scale:
  max: 3.4809463567827104
  mean: 0.9761984438169308
  median: 0.7416060400846303
  min: 0.0006775525436042429
  num_samples: 1105
  rmse: 1.228200208060246
  std: 0.7453270083450851
trans:
  max: 0.08964394449960332
  mean: 0.0271333721034186
  median: 0.024313392148962117
  min: 0.0017088131892919935
  num_samples: 1105
  rmse: 0.03248976076147892
  std: 0.017870777057407465
