rot:
  max: 7.812611092717966
  mean: 5.090786346337398
  median: 5.067991013478802
  min: 2.9627663233350976
  num_samples: 1105
  rmse: 5.219090292733133
  std: 1.1501294969028235
scale:
  max: 3.443910519394544
  mean: 0.9565589413995732
  median: 0.6947231046500746
  min: 0.00041778636414857573
  num_samples: 1105
  rmse: 1.2215160320314673
  std: 0.759668617318386
trans:
  max: 0.08885375750942734
  mean: 0.02705090872107431
  median: 0.024115896365549287
  min: 0.000931258627136672
  num_samples: 1105
  rmse: 0.03257122338244132
  std: 0.018142021111028337
