rot:
  max: 41.327693825296315
  mean: 34.11752231652612
  median: 33.96658123859791
  min: 25.136949096688813
  num_samples: 2945
  rmse: 34.4226005921125
  std: 4.572756554360371
scale:
  max: 18.290660732260445
  mean: 6.4832414164474725
  median: 5.450676683482547
  min: 0.0042087579727567714
  num_samples: 2945
  rmse: 8.07334664679242
  std: 4.811081667913631
trans:
  max: 0.643084642891672
  mean: 0.32887106155305085
  median: 0.31757653296982635
  min: 0.015360648827199171
  num_samples: 2945
  rmse: 0.3785102659124269
  std: 0.1873868892800817
