rot:
  max: 82.49933874403479
  mean: 77.9545702006683
  median: 77.84555197156443
  min: 69.62712947200009
  num_samples: 2945
  rmse: 77.9886845965696
  std: 2.306492994199399
scale:
  max: 14.270513071583956
  mean: 5.289069237813861
  median: 4.42924313979427
  min: 0.0009894955989686594
  num_samples: 2945
  rmse: 6.449669475265566
  std: 3.6910679941967337
trans:
  max: 0.2893567297619671
  mean: 0.1660549201105756
  median: 0.17448615132255305
  min: 0.014919315944010645
  num_samples: 2945
  rmse: 0.1808045043117014
  std: 0.07152644466538516
