rot:
  max: 29.342507069968065
  mean: 22.058685773437432
  median: 21.88019856026806
  min: 13.836320119282304
  num_samples: 2950
  rmse: 22.30983364018008
  std: 3.3381220770457056
scale:
  max: 7.858724146323803
  mean: 2.7756171812338675
  median: 2.251435627046239
  min: 0.00010380411485932939
  num_samples: 2950
  rmse: 3.6311992367197035
  std: 2.3412725514115436
trans:
  max: 0.2533218814234788
  mean: 0.09570741064127587
  median: 0.08773878526071281
  min: 0.007732168467833128
  num_samples: 2950
  rmse: 0.12129168284206418
  std: 0.0745101595421865
