rot:
  max: 12.982651396993127
  mean: 8.125138667307137
  median: 8.229298593286476
  min: 1.6760104804304599
  num_samples: 2950
  rmse: 8.41806422668778
  std: 2.2013466246075333
scale:
  max: 7.6098402374323415
  mean: 3.218959398087255
  median: 3.1282375288346542
  min: 0.0007291573785206396
  num_samples: 2950
  rmse: 3.948138941750254
  std: 2.286066818102777
trans:
  max: 0.252110202555568
  mean: 0.10328903929704471
  median: 0.09155219786620475
  min: 0.00026678389520282423
  num_samples: 2950
  rmse: 0.12814470151810567
  std: 0.07584483428855225
