label: "Euroc"
id: 412eab8e4058621f7036b5e765dfe812
cameras:
- camera:
    label: cam0
    id: 54812562fa109c40fe90b29a59dd7798
    line-delay-nanoseconds: 0
    image_height: 540
    image_width: 960
    type: pinhole
    intrinsics:
      cols: 1
      rows: 4
      data: [616.3746405, 616.3083370, 478.8608184, 265.8571394]
      # 1080-by-1920: [1232.7492808529237, 1232.6166739805392, 957.721636823563, 531.7142789390506]
      # 2160-by-3840: [1.79855067e+03, 1.79749190e+03, 1.90616319e+03, 1.07593598e+03]
    distortion:
      type: radial-tangential
      parameters:
        cols: 1
        rows: 4
        data: [0.38191912436919523, 0.3252025786470768, -0.0032067273497221943, 0.0002598785904983175]
  T_B_C:
    cols: 4
    rows: 4
    data: [ 0., 1., 0., 0.,
            1.,  0., 0., 0.,
            0.,  0., -1., 0.,
            0., 0., 0., 1.] 


    # [0.00893882615463667, 0.9998818394092135, -0.012506182735929808, 0.003367236070342833,
    # 0.9999483305841648, -0.008877477268672418, 0.004952429634616613, -0.04112774642642631,
    # 0.004840821099649079, -0.012549805456320423, -0.9999095303246637, -0.06508072673558303,
    # 0.0, 0.0, 0.0, 1.0]
    
    # [ 0.00893882615463668,    0.999948330584165,    0.00484082109964908,    0,
    #           0.999881839409214,    -0.00887747726867242,    -0.0125498054563204,    0,
    #           -0.0125061827359298,    0.00495242963461662,    -0.999909530324664,    0,
    #           0,    0,    0,    1 ]

    #        [ 0., 0., 1., 0.,
    #        -1.,  0., 0., 0.,
    #         0.,  -1., 0., 0.,
    #         0., 0., 0., 1.]

          #   [0.00893882615463667, 0.9998818394092135, -0.012506182735929808, 0.003367236070342833,
          #  0.9999483305841648, -0.008877477268672418, 0.004952429634616613, -0.04112774642642631
          #  0.004840821099649079, -0.012549805456320423, -0.9999095303246637, -0.06508072673558303
          #  0.0, 0.0, 0.0, 1.0]

    # [ 0.00893882615463668,    0.999948330584165,    0.00484082109964908,    0.0414105663971015,
    #         0.999881839409214,    -0.00887747726867242,    -0.0125498054563204,    -0.00454869928923929,
    #         -0.0125061827359298,    0.00495242963461662,    -0.999909530324664,    -0.0648290453635467,
    #         0,    0,    0,    1]

imu_params:
  delay_imu_cam: 0
  #delay_imu_cam: 0.05389058151757878
  max_imu_delta_t: 0.01
  acc_max: 176.0
  omega_max: 17
  sigma_omega_c: 0.00075175083
  sigma_acc_c: 0.00629031243
  sigma_omega_bias_c: 0.00043257797
  sigma_acc_bias_c: 0.00190928453
  sigma_integration: 0.0
  g: 9.82
  imu_rate: 200

imu_initialization:
  velocity: [0.0, 0, 0.0]
  omega_bias: [0.0, 0, 0.0]
  acc_bias: [0.0, 0.0, 0.0]
  velocity_sigma: 2.0
  omega_bias_sigma: 0.01
  acc_bias_sigma: 0.1