label: "Euroc"
id: 412eab8e4058621f7036b5e765dfe812
cameras:
- camera:
    label: cam0
    id: 54812562fa109c40fe90b29a59dd7798
    line-delay-nanoseconds: 0
    image_height: 540
    image_width: 960
    type: pinhole
    intrinsics:
      cols: 1
      rows: 4
      data: [616.3746405, 616.3083370, 478.8608184, 265.8571394]
      # 1080-by-1920: [1232.7492808529237, 1232.6166739805392, 957.721636823563, 531.7142789390506]
      # 2160-by-3840: [1.79855067e+03, 1.79749190e+03, 1.90616319e+03, 1.07593598e+03]
    distortion:
      type: radial-tangential
      parameters:
        cols: 1
        rows: 4
        data: [0.38191912436919523, 0.3252025786470768, -0.0032067273497221943, 0.0002598785904983175]
  T_B_C:
    cols: 4
    rows: 4
    data: [ 0,    1,    0,    0,
            1,    0,    0,    0,
            0,    0,    -1,    0,
            0,    0,    0,    1 ]

- camera:
    label: cam1
    id: 54812562fa109c40fe90b29a59dd7723
    line-delay-nanoseconds: 0
    image_height: 540
    image_width: 960
    type: pinhole
    intrinsics:
      cols: 1
      rows: 4
      data: [615.0044105, 615.4391090, 487.0825978, 271.2681002]
    distortion:
      type: radial-tangential  
      parameters:
        cols: 1
        rows: 4
        data: [0.35850435248047785, 0.30661314823773217, 0.003077141272488541, 0.009039365665556166]
  T_B_C: # Camera frame (C) w.r.t. imu frame (B)
    cols: 4
    rows: 4
    data: [ 0,    1,    0,    0,
            1,    0,    0,    -0.094,
            0,    0,    -1,    0,
            0,    0,    0,    1 ]

imu_params:
  delay_imu_cam: 0
  #delay_imu_cam: 0.05389058151757878
  max_imu_delta_t: 0.01
  acc_max: 176.0
  omega_max: 17
  sigma_omega_c: 0.00150350166
  sigma_acc_c: 0.01258062486
  sigma_omega_bias_c: 0.00086515594
  sigma_acc_bias_c: 0.00381856906
  sigma_integration: 0.0
  g: 9.816
  imu_rate: 200

imu_initialization:
  velocity: [0.0, 0, 0.0]
  omega_bias: [0.0, 0, 0.0]
  acc_bias: [0.0, 0.0, 0.0]
  velocity_sigma: 2.0
  omega_bias_sigma: 0.01
  acc_bias_sigma: 0.1