rot:
  max: 70.88038779794495
  mean: 69.31196020054759
  median: 69.34733164823754
  min: 67.93396073400689
  num_samples: 1167
  rmse: 69.31594100666918
  std: 0.7428666083156933
scale:
  max: 14.360800249389516
  mean: 4.933702135500155
  median: 3.067062449434166
  min: 0.018993495982888575
  num_samples: 1167
  rmse: 6.594953959974689
  std: 4.376299918006883
trans:
  max: 0.3631092078611204
  mean: 0.145379281960673
  median: 0.11972585210432268
  min: 0.0029270013197714843
  num_samples: 1167
  rmse: 0.1834321870545858
  std: 0.11185808698626887
