rot:
  max: 62.53798293371287
  mean: 61.99994876689832
  median: 62.17200476134747
  min: 61.38640085290735
  num_samples: 1167
  rmse: 62.00095451396168
  std: 0.3531480487399711
scale:
  max: 10.180784254505514
  mean: 3.7331472408180044
  median: 3.384232223401773
  min: 0.005330621741217456
  num_samples: 1167
  rmse: 4.520704588074838
  std: 2.5495846036195413
trans:
  max: 0.22488071434911588
  mean: 0.10122167045722517
  median: 0.09390506806495691
  min: 0.0019958439968448555
  num_samples: 1167
  rmse: 0.11830447245106812
  std: 0.061238236680806274
