rot:
  max: 71.46881161527403
  mean: 70.99034793833957
  median: 71.00903662729439
  min: 70.38347440291513
  num_samples: 1167
  rmse: 70.99076326973645
  std: 0.2428357742361371
scale:
  max: 10.128641786538594
  mean: 3.7555846791026504
  median: 3.4791340268379045
  min: 0.0015827894924935748
  num_samples: 1167
  rmse: 4.541623978173632
  std: 2.553807368853637
trans:
  max: 0.2225909434802307
  mean: 0.10053248675991351
  median: 0.09375951539174271
  min: 0.0023851172921205547
  num_samples: 1167
  rmse: 0.11740335108581941
  std: 0.060636341842561586
