rot:
  max: 41.30146261565061
  mean: 17.167315191795808
  median: 16.80913444468998
  min: 14.706364528902018
  num_samples: 1259
  rmse: 17.40638652270984
  std: 2.8749923275569826
scale:
  max: 7.817847426649727
  mean: 2.785464686377891
  median: 2.9888874455540337
  min: 0.0023844877282686028
  num_samples: 1259
  rmse: 3.432330988686209
  std: 2.0055130258458465
trans:
  max: 0.17427977548480222
  mean: 0.0805913294964519
  median: 0.07721092403486782
  min: 0.00922756930012275
  num_samples: 1259
  rmse: 0.08879930361761602
  std: 0.03728745007328706
