rot:
  max: 40.04228255203769
  mean: 11.041120303225211
  median: 10.404838641329826
  min: 8.663464351682789
  num_samples: 1261
  rmse: 11.673507960578801
  std: 3.790046247132695
scale:
  max: 7.904180701721019
  mean: 2.8146137256491235
  median: 2.7190911551899344
  min: 0.0002988649400181842
  num_samples: 1261
  rmse: 3.4489189656948636
  std: 1.9932364654795192
trans:
  max: 0.1739074395152604
  mean: 0.080676909110206
  median: 0.07716727735563599
  min: 0.009068852846255174
  num_samples: 1261
  rmse: 0.08892939463238807
  std: 0.037412211457043966
