rot:
  max: 11.241921440477977
  mean: 10.245588110660176
  median: 10.24550771528988
  min: 9.317167175582984
  num_samples: 1259
  rmse: 10.257824928901943
  std: 0.500895736357371
scale:
  max: 2.8154419518530593
  mean: 0.7393177814496285
  median: 0.7190971354555376
  min: 0.0023654949595330876
  num_samples: 1259
  rmse: 0.9334854441994896
  std: 0.5699160399258105
trans:
  max: 0.029389062670499365
  mean: 0.009131577152594089
  median: 0.0075915234840075035
  min: 0.0008550885261513268
  num_samples: 1259
  rmse: 0.010723306384177777
  std: 0.005621707793470725
