label: "Euroc"
id: 412eab8e4058621f7036b5e765dfe812
cameras:
- camera:
    label: cam0
    id: 54812562fa109c40fe90b29a59dd7798
    line-delay-nanoseconds: 0
    image_height: 1080
    image_width: 1920
    type: pinhole
    intrinsics:
      cols: 1
      rows: 4
      data: [899.275335, 898.74595, 953.081595, 537.96799]
      # 1080-by-1920: [899.275335, 898.74595, 953.081595, 537.96799]
      # 2160-by-3840: [1.79855067e+03, 1.79749190e+03, 1.90616319e+03, 1.07593598e+03]
    distortion:
      type: radial-tangential
      parameters:
        cols: 1
        rows: 4
        data: [0.05297367, -0.17827007, 0.0006378, 0.00328474]
  T_B_C:
    cols: 4
    rows: 4
    data: [ 0., 0., 1., 0.,
           -1., 0., 0., 0.,
            0., -1., 0., 0.,
            0., 0., 0., 1.]
- camera:
    label: cam1
    id: 54812562fa109c40fe90b29a59dd7723
    line-delay-nanoseconds: 0
    image_height: 1080
    image_width: 1920
    type: pinhole
    intrinsics:
      cols: 1
      rows: 4
      data: [899.275335, 898.74595, 953.081595, 537.96799]
    distortion:
      type: radial-tangential  
      parameters:
        cols: 1
        rows: 4
        data: [0.05297367, -0.17827007, 0.0006378, 0.00328474]
  T_B_C:
    cols: 4
    rows: 4
    data: [ 0., 0., 1., 0., 
           -1., 0., 0., -0.085, # Baseline
            0., -1., 0., 0.,
            0., 0., 0., 1.]

imu_params:
  delay_imu_cam: 0.0
  max_imu_delta_t: 0.01
  acc_max: 176.0
  omega_max: 17
  sigma_omega_c: 0.003
  sigma_acc_c: 0.05
  sigma_omega_bias_c: 0.0
  sigma_acc_bias_c: 0.0
  sigma_integration: 0.0
  g: 9.82
  imu_rate: 197.72

imu_initialization:
  velocity: [0.0, 0, 0.0]
  omega_bias: [0.0, 0, 0.0]
  acc_bias: [0.0, 0.0, 0.0]
  velocity_sigma: 2.0
  omega_bias_sigma: 0.01
  acc_bias_sigma: 0.1