rot:
  max: 37.715385891383114
  mean: 19.83560376724884
  median: 20.92806559196069
  min: 2.111760184179245
  num_samples: 2958
  rmse: 21.91465630785144
  std: 9.316704582627723
scale:
  max: 9.204365500233024
  mean: 3.1511449969650225
  median: 2.9990776446169543
  min: 0.00010031850132818931
  num_samples: 2958
  rmse: 4.01165378315366
  std: 2.482670192352054
trans:
  max: 0.2792010424569115
  mean: 0.09144798109985551
  median: 0.08043948032286975
  min: 0.0002354240867064058
  num_samples: 2958
  rmse: 0.11722161859669311
  std: 0.07333603902031424
