rot:
  max: 40.07884549719067
  mean: 24.495734436215294
  median: 25.525088666830847
  min: 10.391210606719273
  num_samples: 2958
  rmse: 25.409414542632028
  std: 6.752580383063677
scale:
  max: 10.441690279260074
  mean: 2.826394063716622
  median: 1.4858585028957094
  min: 0.0022508630494799675
  num_samples: 2958
  rmse: 3.87142286580663
  std: 2.6456401120480963
trans:
  max: 0.2561488921478667
  mean: 0.08296852074391205
  median: 0.06207154694577676
  min: 0.0007233548652500915
  num_samples: 2958
  rmse: 0.10631273830383631
  std: 0.06647272291118379
